 8
 -2.83729747948
 2.0943951023932
 3.10822668269945
 5.73329289434508E-1
 3.25929309334977
 1.00922398807088
 2.89125410827685
 1.15363679871649
 2.79235629890899
 2.0943951023932
 -9.32468004809835
 -4.29996967075881
 -4.56301033068968E1
 -2.27075397315948E1
 -9.5411385573136E1
 -5.24904743416003E1
 -1.67541377934539E2
 3.10822668269944
 -4.29996967075881
 1.14075258267242E2
 2.1193703749489E1
 6.42482167416073E2
 2.47455093324686E2
 2.20299968084859E3
 5.73329289434508E-1
 -4.56301033068969E1
 2.11937037494874E1
 -1.13107036975305E3
 -2.47455093324685E2
 -8.94950058318492E3
 3.25929309334977
 -2.27075397315944E1
 6.42482167416073E2
 -2.47455093324691E2
 1.41440801475136E4
 1.00922398807087
 -9.54113855731359E1
 2.47455093324689E2
 -8.94950058318492E3
 2.89125410827684
 -5.24904743416003E1
 2.20299968084859E3
 1.15363679871649
 -1.67541377934539E2
 2.79235629890898
 2.0943951023932
 -9.32468004809835
 -4.29996967075881
 -4.56301033068968E1
 -2.27075397315948E1
 -9.5411385573136E1
 -5.24904743416003E1
 -1.67541377934539E2
 -9.32468004809834
 5.15996360491056E1
 2.8421709430404E-14
 5.0864888998772E2
 4.38619346294683E2
 1.9796407465975E3
 2.02826730695152E3
 -4.29996967075882
 2.41584530158434E-13
 -6.3581111248465E2
 -1.02344514135426E3
 -7.42365279974061E3
 -1.11554701882334E4
 -4.56301033068967E1
 5.0864888998772E2
 -1.02344514135425E3
 1.38574852261825E4
 6.69328211294011E3
 -2.27075397315946E1
 4.3861934629468E2
 -7.42365279974062E3
 6.69328211294E3
 -9.5411385573136E1
 1.9796407465975E3
 -1.11554701882334E4
 -5.24904743416002E1
 2.02826730695152E3
 -1.67541377934539E2
 3.10822668269944
 -4.29996967075881
 1.14075258267242E2
 2.1193703749489E1
 6.42482167416073E2
 2.47455093324686E2
 2.20299968084859E3
 -4.29996967075882
 2.41584530158434E-13
 -6.3581111248465E2
 -1.02344514135426E3
 -7.42365279974061E3
 -1.11554701882334E4
 1.14075258267242E2
 -6.35811112484647E2
 5.11722570677127E3
 4.00177668780088E-11
 6.69328211294001E4
 2.11937037494883E1
 -1.02344514135425E3
 -2.00088834390044E-11
 -6.24706330541068E4
 6.42482167416073E2
 -7.42365279974063E3
 6.69328211294003E4
 2.47455093324687E2
 -1.11554701882333E4
 2.20299968084858E3
 5.73329289434508E-1
 -4.56301033068969E1
 2.11937037494874E1
 -1.13107036975305E3
 -2.47455093324685E2
 -8.94950058318492E3
 -4.56301033068967E1
 5.0864888998772E2
 -1.02344514135425E3
 1.38574852261825E4
 6.69328211294011E3
 2.11937037494883E1
 -1.02344514135425E3
 -2.00088834390044E-11
 -6.24706330541068E4
 -1.13107036975306E3
 1.38574852261825E4
 -6.24706330541069E4
 -2.47455093324687E2
 6.69328211293999E3
 -8.94950058318492E3
 3.25929309334977
 -2.27075397315944E1
 6.42482167416073E2
 -2.47455093324691E2
 1.41440801475136E4
 -2.27075397315946E1
 4.3861934629468E2
 -7.42365279974062E3
 6.69328211294E3
 6.42482167416073E2
 -7.42365279974063E3
 6.69328211294003E4
 -2.47455093324687E2
 6.69328211293999E3
 1.41440801475135E4
 1.00922398807087
 -9.54113855731359E1
 2.47455093324689E2
 -8.94950058318492E3
 -9.5411385573136E1
 1.9796407465975E3
 -1.11554701882334E4
 2.47455093324687E2
 -1.11554701882333E4
 -8.94950058318492E3
 2.89125410827684
 -5.24904743416003E1
 2.20299968084859E3
 -5.24904743416002E1
 2.02826730695152E3
 2.20299968084858E3
 1.15363679871649
 -1.67541377934539E2
 -1.67541377934539E2
 2.79235629890898
 -4.09593230498
 1.1354155098932
 -7.04056910108394E-1
 1.34933222224322
 -5.96831520788681E-1
 -5.00926226152133E-2
 4.03068598868306E-1
 -2.96344915721674E-1
 5.27562979781106E-2
 2.5738848986432
 2.11217073032518
 -1.01199916668241E1
 8.35564129104153
 1.1270840088423
 -1.33012637626541E1
 1.34836936653362E1
 -3.16537787868664
 9.53844689341298E-1
 1.43809161285947E1
 -3.45228400848986E1
 3.40279753983374
 1.13471614460163E2
 -1.84807293315276E2
 7.6204004152357E1
 -1.10075855729867
 1.65358834054184E1
 -7.73405899704926
 -2.24611674149876E2
 6.09151874440696E2
 -3.97328318853378E2
 -1.10327454038368E-1
 1.13405833507531E1
 1.09851347837116E2
 -6.94354285223757E2
 8.78539645383305E2
 -5.6447660254574E-1
 -1.20945082216384E1
 2.64930968050305E2
 -7.39609397580238E2
 2.91211283939915E-1
 -2.0211748763375E1
 2.25448296038616E2
 6.3003226550034E-2
 -1.96545634856453E1
 2.68458069634966E-1
 2.5738848986432
 2.11217073032518
 -1.01199916668241E1
 8.35564129104153
 1.1270840088423
 -1.33012637626541E1
 1.34836936653362E1
 -3.16537787868664
 -7.83523886637299
 -2.55655467706233E1
 8.18024211437677E1
 -5.19751374865867E1
 -8.22728174415408E1
 2.18919977979471E2
 -1.69174637953658E2
 2.13046223088529
 -4.0901210571884E1
 6.49689218582334E1
 1.91969907363595E2
 -8.20949917423007E2
 9.30460508745115E2
 -1.3446714692344E1
 -2.71131979838793E2
 2.93337372808913E2
 2.38566750192571E3
 -6.71933572233053E3
 1.40608637638051E1
 -1.14855217048964E2
 -1.50657928390737E3
 8.68331282037815E3
 -7.12543651839596
 -2.55610389919076E2
 -3.78544657484508E3
 1.44784551473221E1
 4.35875500962034E2
 -1.25604048705506E1
 9.53844689341298E-1
 1.43809161285947E1
 -3.45228400848986E1
 3.40279753983374
 1.13471614460163E2
 -1.84807293315276E2
 7.6204004152357E1
 2.13046223088529
 -4.0901210571884E1
 6.49689218582334E1
 1.91969907363595E2
 -8.20949917423007E2
 9.30460508745115E2
 4.04336551595074E1
 6.12861027738747E2
 -1.21326820043127E3
 -2.13306914017354E3
 9.81988549023798E3
 -2.04287009246249E1
 2.42653640086254E2
 1.06653457008677E3
 -9.16522645755544E3
 7.2583310062797E1
 3.42365720830044E3
 6.68256726039276E3
 -1.16661274967364E2
 -1.00918393573728E3
 1.17853557043011E2
 -1.10075855729867
 1.65358834054184E1
 -7.73405899704926
 -2.24611674149876E2
 6.09151874440696E2
 -3.97328318853378E2
 -1.3446714692344E1
 -2.71131979838793E2
 2.93337372808913E2
 2.38566750192571E3
 -6.71933572233053E3
 -2.04287009246249E1
 2.42653640086254E2
 1.06653457008677E3
 -9.16522645755544E3
 -1.51665754789638E2
 -6.81744061686222E3
 -3.30889909517765E3
 1.21740011015396E2
 3.54524903054745E2
 -4.512767219401E2
 -1.10327454038368E-1
 1.13405833507531E1
 1.09851347837116E2
 -6.94354285223757E2
 8.78539645383305E2
 1.40608637638051E1
 -1.14855217048964E2
 -1.50657928390737E3
 8.68331282037815E3
 7.2583310062797E1
 3.42365720830044E3
 6.68256726039276E3
 1.21740011015396E2
 3.54524903054745E2
 7.12604556580344E2
 -5.6447660254574E-1
 -1.20945082216384E1
 2.64930968050305E2
 -7.39609397580238E2
 -7.12543651839596
 -2.55610389919076E2
 -3.78544657484508E3
 -1.16661274967364E2
 -1.00918393573728E3
 -4.512767219401E2
 2.91211283939915E-1
 -2.0211748763375E1
 2.25448296038616E2
 1.44784551473221E1
 4.35875500962034E2
 1.17853557043011E2
 6.3003226550034E-2
 -1.96545634856453E1
 -1.25604048705506E1
 2.68458069634966E-1
 -6.23937578107238
 3.41738368179319
 -3.59221365826215E-1
 -8.39702994866452E-1
 -9.53548654677632E-2
 2.08323510724823E-1
 1.44758619146341E-1
 -3.00769629125655E-2
 -6.51264296079306E-2
 1.4329008126932
 1.07766409747864
 6.29777246149839
 1.33496811654868
 -4.68727899130852
 -4.77703443182925
 1.36850181252173
 3.90758577647584
 -1.87600956947391E-1
 -8.14248126382246
 -1.45214904614539E1
 1.97491926707517E-1
 2.646768398021E1
 1.01400787080652E1
 -2.37265678831326E1
 6.04322377665633E-1
 8.04541021859801
 1.06407464229918E1
 -4.06702741217833E1
 -6.82106340929019E1
 2.62122359535986E1
 -3.65751697768868E-1
 -3.00914745148448
 2.35799522582598E1
 1.13438518393086E2
 9.17092422386065E1
 6.53641974189593E-2
 -3.81445719117918
 -5.4128381953003E1
 -1.4288484382436E2
 6.46584948471714E-2
 6.33869045189697
 4.99461239001931E1
 -8.35419812736683E-2
 -4.22507667467841
 4.14255134407206E-2
 1.4329008126932
 1.07766409747864
 6.29777246149839
 1.33496811654868
 -4.68727899130852
 -4.77703443182925
 1.36850181252173
 3.90758577647584
 4.79416442056997E-2
 1.10682528139444E1
 6.71044210204928E1
 1.30058860196393E2
 5.61604455510563E1
 -1.51161591874826E2
 -2.13230898360505E2
 -9.22354401162038E-1
 -3.35522105102465E1
 -1.62573575245491E2
 -1.31041039619131E2
 5.66855969530594E2
 1.17276994098278E3
 2.19563731893036
 2.04116501036146E1
 -5.0184551404525E1
 -1.26638076040515E3
 -3.74740940059292E3
 6.77585676312975E-2
 3.01708600535042E1
 7.34199411988844E2
 3.86195918941522E3
 -4.53003468734136E-1
 -9.35832781071828E1
 -1.15317152004734E3
 1.26362984400681
 8.48052339945782E1
 -7.45984938208051E-1
 -1.87600956947391E-1
 -8.14248126382246
 -1.45214904614539E1
 1.97491926707517E-1
 2.646768398021E1
 1.01400787080652E1
 -2.37265678831326E1
 -9.22354401162038E-1
 -3.35522105102465E1
 -1.62573575245491E2
 -1.31041039619131E2
 5.66855969530594E2
 1.17276994098278E3
 1.02941787715189E-1
 1.11544449986455E2
 4.53063977559141E2
 5.20624043203436E2
 5.72748944111464E2
 -3.71814833288184
 -9.0612795511828E1
 -2.60312021601718E2
 -5.34565681170697E2
 -1.630950660078
 -3.2324826184973E1
 -1.006111573183E3
 1.69728473378891
 2.20313946106983E2
 -2.82010076960742
 6.04322377665633E-1
 8.04541021859801
 1.06407464229918E1
 -4.06702741217833E1
 -6.82106340929019E1
 2.62122359535986E1
 2.19563731893036
 2.04116501036146E1
 -5.0184551404525E1
 -1.26638076040515E3
 -3.74740940059292E3
 -3.71814833288184
 -9.0612795511828E1
 -2.60312021601718E2
 -5.34565681170697E2
 9.08529426626748
 1.64464484185973E2
 2.41264061777899E3
 -2.93686578903522
 -2.58497209047749E2
 -2.27915302085953
 -3.65751697768868E-1
 -3.00914745148448
 2.35799522582598E1
 1.13438518393086E2
 9.17092422386065E1
 6.77585676312975E-2
 3.01708600535042E1
 7.34199411988844E2
 3.86195918941522E3
 -1.630950660078
 -3.2324826184973E1
 -1.006111573183E3
 -2.93686578903522
 -2.58497209047749E2
 1.28949676780866E1
 6.53641974189593E-2
 -3.81445719117918
 -5.4128381953003E1
 -1.4288484382436E2
 -4.53003468734136E-1
 -9.35832781071828E1
 -1.15317152004734E3
 1.69728473378891
 2.20313946106983E2
 -2.27915302085953
 6.46584948471714E-2
 6.33869045189697
 4.99461239001931E1
 1.26362984400681
 8.48052339945782E1
 -2.82010076960742
 -8.35419812736683E-2
 -4.22507667467841
 -7.45984938208051E-1
 4.14255134407206E-2
 -1.0039540277114E1
 2.0943951023932
 1.71804778043011E-1
 7.32879133335657E-3
 -7.13093808350251E-2
 6.74124565990318E-3
 -4.27816382305818E-3
 1.47097272360501E-3
 6.39109178375979E-4
 2.0943951023932
 -5.15414334129033E-1
 -5.49659350001743E-2
 9.98331331690351E-1
 -1.51678027347822E-1
 1.4117940616092E-1
 -6.69292589240279E-2
 -3.83465507025587E-2
 1.7180477804301E-1
 -5.49659350001714E-2
 -2.49582832922588
 1.41566158857966E-1
 -1.48558509126129
 3.15523649213274E-1
 3.90318067601327E-1
 7.32879133335628E-3
 9.98331331690353E-1
 1.41566158857966E-1
 3.17138241240517
 -3.15523649213274E-1
 -1.29660267106005
 -7.13093808350249E-2
 -1.51678027347821E-1
 -1.48558509126129
 -3.15523649213277E-1
 1.94856959857964
 6.74124565990318E-3
 1.4117940616092E-1
 3.15523649213276E-1
 -1.29660267106004
 -4.27816382305816E-3
 -6.69292589240279E-2
 3.90318067601326E-1
 1.47097272360501E-3
 -3.83465507025585E-2
 6.39109178375977E-4
 2.0943951023932
 -5.15414334129033E-1
 -5.49659350001743E-2
 9.98331331690351E-1
 -1.51678027347822E-1
 1.4117940616092E-1
 -6.69292589240279E-2
 -3.83465507025587E-2
 -5.15414334129031E-1
 6.59591220002073E-1
 -9.76996261670138E-15
 3.3975878125912
 2.56043727032635
 2.5241891937062
 1.14762770832488
 -5.49659350001729E-2
 -8.88178419700125E-16
 -4.246984765739
 -5.97435363076148
 -9.46570947639823
 -6.31195239578686
 9.98331331690348E-1
 3.39758781259121
 -5.97435363076149
 1.76693243559434E1
 3.78717143747216
 -1.51678027347821E-1
 2.56043727032635
 -9.46570947639825
 3.78717143747208
 1.41179406160919E-1
 2.5241891937062
 -6.31195239578684
 -6.69292589240278E-2
 1.14762770832488
 -3.83465507025586E-2
 1.7180477804301E-1
 -5.49659350001714E-2
 -2.49582832922588
 1.41566158857966E-1
 -1.48558509126129
 3.15523649213274E-1
 3.90318067601327E-1
 -5.49659350001729E-2
 -8.88178419700125E-16
 -4.246984765739
 -5.97435363076148
 -9.46570947639823
 -6.31195239578686
 -2.49582832922587
 -4.24698476573899
 2.98717681538075E1
 2.1316282072803E-14
 3.78717143747211E1
 1.41566158857967E-1
 -5.97435363076148
 -1.06581410364015E-14
 -3.53469334164063E1
 -1.48558509126128
 -9.46570947639825
 3.7871714374721E1
 3.15523649213274E-1
 -6.31195239578682
 3.90318067601326E-1
 7.32879133335628E-3
 9.98331331690353E-1
 1.41566158857966E-1
 3.17138241240517
 -3.15523649213274E-1
 -1.29660267106005
 9.98331331690348E-1
 3.39758781259121
 -5.97435363076149
 1.76693243559434E1
 3.78717143747216
 1.41566158857967E-1
 -5.97435363076148
 -1.06581410364015E-14
 -3.53469334164063E1
 3.17138241240517
 1.76693243559434E1
 -3.53469334164062E1
 -3.15523649213274E-1
 3.78717143747207
 -1.29660267106005
 -7.13093808350249E-2
 -1.51678027347821E-1
 -1.48558509126129
 -3.15523649213277E-1
 1.94856959857964
 -1.51678027347821E-1
 2.56043727032635
 -9.46570947639825
 3.78717143747208
 -1.48558509126128
 -9.46570947639825
 3.7871714374721E1
 -3.15523649213274E-1
 3.78717143747207
 1.94856959857964
 6.74124565990318E-3
 1.4117940616092E-1
 3.15523649213276E-1
 -1.29660267106004
 1.41179406160919E-1
 2.5241891937062
 -6.31195239578684
 3.15523649213274E-1
 -6.31195239578682
 -1.29660267106005
 -4.27816382305816E-3
 -6.69292589240279E-2
 3.90318067601326E-1
 -6.69292589240278E-2
 1.14762770832488
 3.90318067601326E-1
 1.47097272360501E-3
 -3.83465507025585E-2
 -3.83465507025586E-2
 6.39109178375977E-4
 9
 -1.3329813936E-1
 -4.72882913246667E-1
 -8.98490394798467E-2
 1.21617017512033E-1
 -9.54305834569044E-2
 5.95162250967322E-2
 -4.07036408595656E-2
 3.23264562003058E-2
 -2.65402754819193E-2
 3.98908042701284E-2
 -4.72882913246667E-1
 7.93145894037839E-1
 -1.35070960665383E-1
 1.47936049075529
 -5.24291791339032E-1
 1.59552614538339
 -7.48040230044701E-1
 1.88082572859428
 -2.35355745193758
 -8.98490394798459E-2
 -1.35070960665383E-1
 -4.29561923671584
 1.24984072703138
 -1.38689903270543E1
 5.58026144047584
 -3.24826662149093E1
 2.90779757559151E1
 1.21617017512032E-1
 1.47936049075529
 1.24984072703139
 2.51918911272947E1
 -4.49725070888403
 1.44754959281953E2
 -9.63785843190903E1
 -9.54305834569043E-2
 -5.2429179133904E-1
 -1.38689903270543E1
 -4.49725070888395
 -2.36765580587319E2
 7.42082794904099E1
 5.95162250967322E-2
 1.59552614538339
 5.58026144047582
 1.44754959281953E2
 7.42082794904099E1
 -4.07036408595658E-2
 -7.48040230044701E-1
 -3.24826662149092E1
 -9.63785843190904E1
 3.23264562003057E-2
 1.88082572859427
 2.90779757559151E1
 -2.65402754819192E-2
 -2.35355745193757
 3.98908042701283E-2
 -4.72882913246667E-1
 7.93145894037839E-1
 -1.35070960665383E-1
 1.47936049075529
 -5.24291791339032E-1
 1.59552614538339
 -7.48040230044701E-1
 1.88082572859428
 -2.35355745193758
 7.93145894037837E-1
 -3.04148849606457
 1.43332322358627
 -1.56339258581437E1
 6.14955542760836E-2
 -3.18166062464728E1
 -2.50438118342394
 2.41883507297492E1
 -1.35070960665383E-1
 1.43332322358626
 1.95424073226796E1
 2.10502141228441E1
 1.37588079519884E2
 9.62591276170616E1
 -9.89171885776181E1
 1.47936049075529
 -1.56339258581437E1
 2.10502141228439E1
 -3.13689145179021E2
 -8.26445790530164
 -1.91595552263974E2
 -5.24291791339032E-1
 6.14955542761493E-2
 1.37588079519884E2
 -8.26445790529672
 3.9329491961991E2
 1.59552614538339
 -3.18166062464727E1
 9.62591276170599E1
 -1.91595552263976E2
 -7.48040230044702E-1
 -2.50438118342369
 -9.89171885776182E1
 1.88082572859427
 2.41883507297491E1
 -2.35355745193757
 -8.98490394798459E-2
 -1.35070960665383E-1
 -4.29561923671584
 1.24984072703138
 -1.38689903270543E1
 5.58026144047584
 -3.24826662149093E1
 2.90779757559151E1
 -1.35070960665383E-1
 1.43332322358626
 1.95424073226796E1
 2.10502141228441E1
 1.37588079519884E2
 9.62591276170616E1
 -9.89171885776182E1
 -4.29561923671583
 1.95424073226797E1
 -1.58235329987941E2
 5.68580634085677E1
 -1.31992004567642E3
 6.37455439327619E2
 1.24984072703138
 2.10502141228441E1
 5.68580634085707E1
 1.23192537596466E3
 1.59363859831907E2
 -1.38689903270543E1
 1.37588079519885E2
 -1.31992004567642E3
 1.59363859831907E2
 5.58026144047585
 9.62591276170594E1
 6.37455439327622E2
 -3.24826662149092E1
 -9.89171885776177E1
 2.90779757559149E1
 1.21617017512032E-1
 1.47936049075529
 1.24984072703139
 2.51918911272947E1
 -4.49725070888403
 1.44754959281953E2
 -9.63785843190903E1
 1.47936049075529
 -1.56339258581437E1
 2.10502141228439E1
 -3.13689145179021E2
 -8.26445790530165
 -1.91595552263974E2
 1.24984072703138
 2.10502141228441E1
 5.68580634085707E1
 1.23192537596466E3
 1.59363859831907E2
 2.51918911272948E1
 -3.13689145179022E2
 1.23192537596466E3
 -2.677312845176E3
 -4.49725070888411
 -8.26445790529692
 1.59363859831906E2
 1.44754959281953E2
 -1.91595552263975E2
 -9.63785843190905E1
 -9.54305834569043E-2
 -5.2429179133904E-1
 -1.38689903270543E1
 -4.49725070888395
 -2.36765580587319E2
 7.42082794904099E1
 -5.24291791339032E-1
 6.14955542761511E-2
 1.37588079519884E2
 -8.26445790529671
 3.9329491961991E2
 -1.38689903270543E1
 1.37588079519885E2
 -1.31992004567642E3
 1.59363859831907E2
 -4.49725070888411
 -8.26445790529689
 1.59363859831906E2
 -2.36765580587318E2
 3.93294919619907E2
 7.42082794904088E1
 5.95162250967322E-2
 1.59552614538339
 5.58026144047582
 1.44754959281953E2
 7.42082794904099E1
 1.59552614538339
 -3.18166062464727E1
 9.62591276170599E1
 -1.91595552263976E2
 5.58026144047585
 9.62591276170594E1
 6.37455439327622E2
 1.44754959281953E2
 -1.91595552263975E2
 7.42082794904088E1
 -4.07036408595658E-2
 -7.48040230044701E-1
 -3.24826662149092E1
 -9.63785843190904E1
 -7.48040230044702E-1
 -2.50438118342369
 -9.89171885776182E1
 -3.24826662149092E1
 -9.89171885776177E1
 -9.63785843190905E1
 3.23264562003057E-2
 1.88082572859427
 2.90779757559151E1
 1.88082572859427
 2.41883507297491E1
 2.90779757559149E1
 -2.65402754819192E-2
 -2.35355745193757
 -2.35355745193757
 3.98908042701283E-2
 -5.055571214E-1
 -5.26988696181898E-1
 8.81594627021842E-2
 -1.12722926186627E-1
 7.03444346646892E-2
 -1.54593346433524E-2
 -1.21977011762827E-2
 1.42521745099174E-2
 -5.89412550138205E-3
 7.53661399687294E-4
 -7.60488728154051E-1
 1.93754893667463E-2
 6.69407718872606E-1
 -6.47489029744844E-1
 1.98627149278259E-1
 3.90000983163526E-1
 -5.47706790484164E-1
 2.79561301152505E-1
 -4.44660225815503E-2
 7.07970691470071E-2
 -6.94112687995941E-1
 1.54042907335821
 -8.89895587854352E-1
 -3.03269115387798
 6.10700626434422
 -4.32627400708841
 1.04340894676672
 1.06524194472712E-1
 -2.18800178273574E-1
 -1.58458529859213E-1
 6.10699240485859
 -1.60961013642156E1
 1.49290360431877E1
 -4.58749021001458
 -3.50957857808311E-2
 4.35226370297904E-2
 -2.94749410039366
 1.38792736604327E1
 -1.91725598956894E1
 6.8744475218561
 1.61730622411212E-2
 5.65761305125044E-1
 -4.29410737347924
 8.02914573123206
 1.98471782575809
 -2.00561381461052E-2
 2.47446333726614E-1
 -6.10325445387043E-1
 -7.34515859345174
 3.924763280167E-3
 7.2558204212814E-2
 2.93991046504244
 -4.42824086907644E-3
 -2.76944363085862E-1
 3.83511528049952E-3
 -7.60488728154051E-1
 1.93754893667463E-2
 6.69407718872606E-1
 -6.47489029744844E-1
 1.98627149278259E-1
 3.90000983163526E-1
 -5.47706790484164E-1
 2.79561301152505E-1
 -4.44660225815503E-2
 8.4278454507281E-1
 1.20431517990259
 -4.59023482738865
 3.95563399285559
 1.20964468533037
 -7.1440212954375
 7.25941247032061
 -2.50721991015759
 -4.26827884424091E-1
 1.22988629825169
 -1.53610827674584
 -4.98813499437866
 2.33620457978262E1
 -3.08051028376185E1
 1.19641410706259E1
 6.51102901487509E-1
 8.00005904503037
 -1.29420807603814E1
 -5.02346613690145E1
 1.69600992356205E2
 -8.8374336177697E1
 -8.26474164899422E-1
 -2.10400245288854
 3.99714008186335E1
 -1.71657023438018E2
 4.06073820490132E1
 4.75705511245026E-1
 3.38593210409963
 5.23097774522167E1
 5.94036692564689E1
 -4.58994150251857E-1
 -1.30467182927313E1
 -4.46303253977776E1
 4.90332313351377E-1
 5.76657903722625
 -1.7559924001308E-1
 7.07970691470071E-2
 -6.94112687995941E-1
 1.54042907335821
 -8.89895587854352E-1
 -3.03269115387798
 6.10700626434422
 -4.32627400708841
 1.04340894676672
 -4.26827884424091E-1
 1.22988629825169
 -1.53610827674584
 -4.98813499437866
 2.33620457978262E1
 -3.08051028376185E1
 1.19641410706259E1
 -1.65519978418695
 -2.18724735501537E1
 5.02396162084196E1
 3.25612653129791E1
 -2.61376702726957E2
 1.66868664396117E2
 1.40297670433025
 1.66427220628515E-1
 -3.65017693303441E1
 2.08400436875601E2
 -8.66382384235427E1
 -2.04538561187252
 -7.49371596867944E1
 -8.87290459555275E1
 8.85807660459352E1
 3.8908272588875
 6.99032579412383E1
 2.69705249972913E1
 -4.05571577476383
 -6.50649825331765
 1.50418788817801
 1.06524194472712E-1
 -2.18800178273574E-1
 -1.58458529859213E-1
 6.10699240485859
 -1.60961013642156E1
 1.49290360431877E1
 -4.58749021001458
 6.51102901487509E-1
 8.00005904503037
 -1.29420807603814E1
 -5.02346613690145E1
 1.69600992356205E2
 -8.8374336177697E1
 1.40297670433025
 1.66427220628516E-1
 -3.65017693303441E1
 2.08400436875601E2
 -8.66382384235427E1
 3.12600129663264
 1.62571860483696E2
 -7.22173208905863
 -3.09133600146979E2
 -4.25722746211633
 -6.00962484981566E1
 5.32599009752835E1
 9.29622304729958
 -1.57990822088948E1
 -4.76318806995841
 -3.50957857808311E-2
 4.35226370297904E-2
 -2.94749410039366
 1.38792736604327E1
 -1.91725598956894E1
 6.8744475218561
 -8.26474164899422E-1
 -2.10400245288854
 3.99714008186335E1
 -1.71657023438018E2
 4.06073820490132E1
 -2.04538561187252
 -7.49371596867944E1
 -8.87290459555275E1
 8.85807660459352E1
 -4.25722746211633
 -6.00962484981566E1
 5.32599009752835E1
 -1.06201351115223E1
 2.03093480384262E1
 3.73325478057491
 1.61730622411212E-2
 5.65761305125044E-1
 -4.29410737347924
 8.02914573123206
 1.98471782575809
 4.75705511245026E-1
 3.38593210409963
 5.23097774522167E1
 5.94036692564689E1
 3.8908272588875
 6.99032579412383E1
 2.69705249972913E1
 9.29622304729958
 -1.57990822088948E1
 3.73325478057491
 -2.00561381461052E-2
 2.47446333726614E-1
 -6.10325445387043E-1
 -7.34515859345174
 -4.58994150251857E-1
 -1.30467182927313E1
 -4.46303253977776E1
 -4.05571577476383
 -6.50649825331765
 -4.76318806995841
 3.924763280167E-3
 7.2558204212814E-2
 2.93991046504244
 4.90332313351377E-1
 5.76657903722625
 1.50418788817801
 -4.42824086907644E-3
 -2.76944363085862E-1
 -1.7559924001308E-1
 3.83511528049952E-3
 -1.39682283113309
 -1.27625280374685
 2.31168787756884E-1
 4.09827452269629E-2
 -2.43737053417858E-2
 -1.01184659122793E-2
 -3.24331343611644E-4
 3.54729662040368E-3
 1.0824505330518E-3
 -9.3037756582758E-4
 -9.21717543394668E-1
 1.60839557177648E-1
 -3.97175930658775E-1
 1.31306126068389E-1
 2.03826766659344E-1
 6.278381202039E-2
 -1.25212341441782E-1
 -7.24662727112491E-2
 5.48922763838272E-2
 6.86619919039567E-2
 5.93021302698878E-1
 6.31373736500045E-1
 -2.973590201753E-1
 -9.88782877966821E-1
 1.34025737719097E-1
 7.53495895413799E-1
 -2.83128315809382E-1
 -4.94559576648613E-2
 -6.41675619408731E-1
 -6.44384438635822E-1
 1.60984768296286
 1.59201340510665
 -1.54632701027117
 3.55095438637997E-2
 3.95578085571264E-2
 3.30817154772843E-1
 -6.19572966308411E-1
 -3.43910872737086
 -1.51886922754217
 1.68459254560293
 -1.23805132008681E-2
 6.09232814361584E-2
 1.86535568067999
 4.42413866900205
 -7.31080022653628E-1
 -5.46201878546493E-4
 -2.45972701150094E-1
 -1.97835490707722
 -1.32769599891668
 3.53755846863206E-3
 2.027089913098E-1
 6.53157817507352E-1
 -2.34894621358524E-3
 -5.97664451605385E-2
 5.91793049153151E-4
 -9.21717543394668E-1
 1.60839557177648E-1
 -3.97175930658775E-1
 1.31306126068389E-1
 2.03826766659344E-1
 6.278381202039E-2
 -1.25212341441782E-1
 -7.24662727112491E-2
 5.48922763838272E-2
 1.4363889774521E-1
 -6.36240183501292E-1
 -2.60894807927688
 -3.2555112871355
 7.63786231229111E-1
 5.07134289292842
 2.75770635050174
 -2.93451038296505
 5.50175838003456E-2
 1.76565124021946
 6.8654066514399
 3.63695130198178
 -1.66775172838542E1
 -2.14657845892106E1
 1.33687496391306E1
 -1.63781831357994E-1
 -1.37386859252567
 -1.47929897631152
 3.13835319625061E1
 7.80077367869325E1
 -3.64061031950934E1
 4.34300903817886E-2
 -5.28683592518896E-1
 -2.05643985909067E1
 -9.9838642537368E1
 2.94655758658438
 7.8081412573895E-3
 3.13483559623667
 3.7145152855564E1
 3.66557546506217E1
 -4.36158720718377E-2
 -3.40704354078005
 -1.45488594593224E1
 3.73935636835946E-2
 1.14048817688131
 -1.00651346395333E-2
 6.86619919039567E-2
 5.93021302698878E-1
 6.31373736500045E-1
 -2.973590201753E-1
 -9.88782877966821E-1
 1.34025737719097E-1
 7.53495895413799E-1
 -2.83128315809382E-1
 5.50175838003456E-2
 1.76565124021946
 6.8654066514399
 3.63695130198178
 -1.66775172838542E1
 -2.14657845892106E1
 1.33687496391306E1
 3.83165049282375E-2
 -6.22675271264627
 -1.89419287513E1
 -1.15505025498731E1
 1.32120399126308E1
 4.16898403725288E1
 2.09274120216796E-1
 5.6474599167009
 1.33263175675889E1
 -3.65416986506494
 -5.29889448236022E1
 3.51994199586684E-2
 -4.32630043076311E-1
 3.2191244259094E1
 3.31611705008788E1
 -8.0448295643741E-2
 -7.46628041591536
 -2.76995592446194E1
 1.0600736126272E-1
 4.31855827617076
 -5.0944081540221E-2
 -4.94559576648613E-2
 -6.41675619408731E-1
 -6.44384438635822E-1
 1.60984768296286
 1.59201340510665
 -1.54632701027117
 3.55095438637997E-2
 -1.63781831357994E-1
 -1.37386859252567
 -1.47929897631152
 3.13835319625061E1
 7.80077367869325E1
 -3.64061031950934E1
 2.09274120216796E-1
 5.64745991670091
 1.33263175675889E1
 -3.65416986506494
 -5.29889448236022E1
 -5.66141189465637E-1
 -7.54337746368743
 -6.51132201386349E1
 1.91929893633942E1
 2.15821867800378E-1
 8.44484933794279
 1.64004547935462E1
 8.78957959646858E-2
 -5.78034513737504E-1
 -7.28464827209564E-2
 3.95578085571264E-2
 3.30817154772843E-1
 -6.19572966308411E-1
 -3.43910872737086
 -1.51886922754217
 1.68459254560293
 4.34300903817886E-2
 -5.28683592518896E-1
 -2.05643985909067E1
 -9.9838642537368E1
 2.94655758658438
 3.51994199586684E-2
 -4.32630043076311E-1
 3.2191244259094E1
 3.31611705008788E1
 2.15821867800378E-1
 8.44484933794279
 1.64004547935462E1
 -4.95306894673972E-1
 -7.20142072024872
 1.51654495103244E-1
 -1.23805132008681E-2
 6.09232814361584E-2
 1.86535568067999
 4.42413866900205
 -7.31080022653628E-1
 7.8081412573895E-3
 3.13483559623667
 3.7145152855564E1
 3.66557546506217E1
 -8.0448295643741E-2
 -7.46628041591536
 -2.76995592446194E1
 8.78957959646858E-2
 -5.78034513737504E-1
 1.51654495103244E-1
 -5.46201878546493E-4
 -2.45972701150094E-1
 -1.97835490707722
 -1.32769599891668
 -4.36158720718377E-2
 -3.40704354078005
 -1.45488594593224E1
 1.0600736126272E-1
 4.31855827617076
 -7.28464827209564E-2
 3.53755846863206E-3
 2.027089913098E-1
 6.53157817507352E-1
 3.73935636835946E-2
 1.14048817688131
 -5.0944081540221E-2
 -2.34894621358524E-3
 -5.97664451605385E-2
 -1.00651346395333E-2
 5.91793049153151E-4
 -3.43295337499775
 -1.67325671285233
 7.71234676336768E-2
 7.13254539161203E-3
 6.54046083217452E-3
 -2.37949031786835E-3
 4.13969459439991E-4
 -1.54729273931888E-4
 -4.71407824104458E-6
 9.13013111965684E-6
 -1.67325671285233
 2.92228372697268E-1
 -1.05428959263375E-2
 -8.97342538171041E-2
 3.57111869432816E-2
 -1.19756807465439E-2
 5.97064100813635E-3
 6.50587875363927E-4
 -5.38677736059754E-4
 7.71234676336772E-2
 -1.05428959263375E-2
 2.16701476903848E-1
 -4.99692966752356E-2
 9.07570999009738E-2
 -4.10920134260639E-2
 -1.34065730666969E-2
 5.02816452712526E-3
 7.132545391612E-3
 -8.97342538171042E-2
 -4.99692966752351E-2
 -1.86806166363681E-1
 4.74140807602029E-2
 5.80108876540766E-2
 -1.29469229065532E-2
 6.54046083217449E-3
 3.57111869432816E-2
 9.07570999009739E-2
 4.7414080760203E-2
 -9.74248964130089E-2
 9.31381325027992E-3
 -2.37949031786834E-3
 -1.19756807465439E-2
 -4.1092013426064E-2
 5.80108876540765E-2
 9.31381325027997E-3
 4.13969459439991E-4
 5.97064100813634E-3
 -1.34065730666969E-2
 -1.29469229065531E-2
 -1.54729273931887E-4
 6.50587875363922E-4
 5.02816452712525E-3
 -4.71407824104452E-6
 -5.38677736059751E-4
 9.13013111965682E-6
 -1.67325671285233
 2.92228372697268E-1
 -1.05428959263375E-2
 -8.97342538171041E-2
 3.57111869432816E-2
 -1.19756807465439E-2
 5.97064100813635E-3
 6.50587875363927E-4
 -5.38677736059754E-4
 2.92228372697266E-1
 -1.31192415948466E-1
 1.83219783333916E-2
 -2.00931788515297E-1
 -8.14759794852768E-2
 -7.69205229001563E-2
 -1.222868771995E-2
 1.52990658131395E-2
 -1.05428959263374E-2
 1.8321978333391E-2
 2.51164735644121E-1
 3.31676777656946E-1
 3.95136847139183E-1
 1.72432332197483E-1
 -6.82000945694378E-2
 -8.97342538171037E-2
 -2.00931788515297E-1
 3.31676777656947E-1
 -1.06949731636878
 -4.03546694758354E-2
 -5.45911947053535E-2
 3.57111869432815E-2
 -8.14759794852771E-2
 3.95136847139184E-1
 -4.03546694758348E-2
 1.36041606764627E-1
 -1.19756807465439E-2
 -7.69205229001559E-2
 1.72432332197483E-1
 -5.45911947053543E-2
 5.97064100813632E-3
 -1.22286877199498E-2
 -6.82000945694377E-2
 6.50587875363925E-4
 1.52990658131394E-2
 -5.38677736059752E-4
 7.71234676336772E-2
 -1.05428959263375E-2
 2.16701476903848E-1
 -4.99692966752356E-2
 9.07570999009738E-2
 -4.10920134260639E-2
 -1.34065730666969E-2
 5.02816452712526E-3
 -1.05428959263374E-2
 1.83219783333911E-2
 2.51164735644121E-1
 3.31676777656946E-1
 3.95136847139183E-1
 1.72432332197483E-1
 -6.82000945694378E-2
 2.16701476903847E-1
 2.5116473564412E-1
 -2.01229928542965
 3.31908535042303E-1
 -1.98116494082472
 3.60682994044962E-1
 -4.99692966752353E-2
 3.31676777656947E-1
 3.31908535042307E-1
 1.84908727810307
 9.01707485112416E-2
 9.07570999009738E-2
 3.95136847139182E-1
 -1.98116494082472
 9.01707485112398E-2
 -4.10920134260636E-2
 1.72432332197482E-1
 3.60682994044962E-1
 -1.34065730666968E-2
 -6.82000945694373E-2
 5.02816452712524E-3
 7.132545391612E-3
 -8.97342538171042E-2
 -4.99692966752351E-2
 -1.86806166363681E-1
 4.74140807602029E-2
 5.80108876540766E-2
 -1.29469229065532E-2
 -8.97342538171037E-2
 -2.00931788515297E-1
 3.31676777656947E-1
 -1.06949731636878
 -4.03546694758354E-2
 -5.45911947053535E-2
 -4.99692966752353E-2
 3.31676777656946E-1
 3.31908535042307E-1
 1.84908727810307
 9.01707485112416E-2
 -1.86806166363682E-1
 -1.06949731636878
 1.84908727810307
 -1.51486857498884
 4.74140807602029E-2
 -4.03546694758328E-2
 9.01707485112418E-2
 5.80108876540767E-2
 -5.45911947053542E-2
 -1.29469229065532E-2
 6.54046083217449E-3
 3.57111869432816E-2
 9.07570999009739E-2
 4.7414080760203E-2
 -9.74248964130089E-2
 9.31381325027992E-3
 3.57111869432815E-2
 -8.14759794852771E-2
 3.95136847139184E-1
 -4.03546694758348E-2
 1.36041606764627E-1
 9.07570999009738E-2
 3.95136847139182E-1
 -1.98116494082472
 9.01707485112397E-2
 4.74140807602029E-2
 -4.03546694758328E-2
 9.01707485112418E-2
 -9.74248964130084E-2
 1.36041606764625E-1
 9.31381325027982E-3
 -2.37949031786834E-3
 -1.19756807465439E-2
 -4.1092013426064E-2
 5.80108876540765E-2
 9.31381325027997E-3
 -1.19756807465439E-2
 -7.69205229001559E-2
 1.72432332197483E-1
 -5.45911947053543E-2
 -4.10920134260636E-2
 1.72432332197482E-1
 3.60682994044963E-1
 5.80108876540767E-2
 -5.45911947053542E-2
 9.31381325027982E-3
 4.13969459439991E-4
 5.97064100813634E-3
 -1.34065730666969E-2
 -1.29469229065531E-2
 5.97064100813632E-3
 -1.22286877199498E-2
 -6.82000945694377E-2
 -1.34065730666968E-2
 -6.82000945694373E-2
 -1.29469229065532E-2
 -1.54729273931887E-4
 6.50587875363922E-4
 5.02816452712525E-3
 6.50587875363925E-4
 1.52990658131394E-2
 5.02816452712524E-3
 -4.71407824104452E-6
 -5.38677736059751E-4
 -5.38677736059752E-4
 9.13013111965682E-6
